VUTParams_0_300: 3.50119 0 57.4276 4.87349 0.901259 0.907991 3.57564 0.0215961 -2.72561 0.580387 1.92885 0 0 0 0 4.84417 1.56723 -0.00392833 26.4638 -3.28987 3.56626 0.908251 0 0 0 0 0 0 0 0
VUTParams_1_300: -3.49941 0 84.3475 4.87384 -0.724358 0.467862 2.21214 0.00983068 2.72753 -0.586784 -1.93734 0 0 0 0 4.84652 1.48886 0.367896 -10.4766 -2.98456 2.24398 -0.734892 0 0 0 0 0 0 0 0
