UTTFParams_0_300: -0.00420064 -0.000151594 0.00013207 -0.194892 -0.256506 -0.533059 -0.441617 -0.00043856 0.0317675 -13.0566 -2.14773 0.568969 2.89493 101.683 0.869885 2.43315 88.9089 0.84543
UTTFParams_1_300: 0 0 0 0 0 0 0 0 0 0 0 0 2.8935 97.4289 -0.593895 2.50994 88.0348 -0.577274  
