VParams_0_300: 0.0113908 0.950425 1.21939 -2.06 0.797893 0.227587 0.716307 0.812213 0 0 0 0 0 0 0 0 0 0 0 0 0
VParams_1_300: 0.0114555 0.951671 1.21928 0 0.677525 0.261255 0.591493 -0.707657 0 0 0 0 0 0 0 0 0 0 0 0 0
