TFTParams_0_300: -18.8431 0.00332109 0 0.0057022 0 0.0911449 -0.628054 0.00975339 0.508257 0.0163066 0 0 0 -0.0408232 -0.204889 0 0 0
TFTParams_1_300: 18.8439 0.00332233 0 0.00569887 0 0.0911439 -0.627683 0.00976229 0.508652 0.0163148 0 0 0 0.0412227 0.201997 0 0 0
