UTParams_0_300: 0.500019 -0.55593 0.992149 0.494892 0.91554 0.361088 10.4952 -0.872392 0.49998 0 0.591152 0.591152 1.18729 6.42886e-10 0.760903 1.17348 17.957 0.825201
UTParams_1_300: 0.535341 -8.92281 1.01965 0.533111 0.939663 0.467677 12.0841 -1.01593 0.257704 0 3.9005 3.9005 1.26045 1.1732e-08 0.75964 1.2132 7.07349 0.800596
UTParams_2_300: 0.500013 -1.03799 1.00333 0.49605 0.924561 0.593855 14.5406 -1.00084 0.499937 0 1.0277 1.0277 1.21924 2.7589e-12 0.773656 1.18394 20.9139 0.824102
UTParams_3_204: 0.494976 1.02928 0.77437 0.494347 0.672573 0.591104 9.5028 -1.049 0.499935 0 -1.02769 -1.02769 1.21917 1.77247e-11 -0.574916 1.18394 20.9131 -0.627465
UTParams_4_300: 0.46465 8.54521 0.822622 0.456027 0.727582 0.467421 12.2443 -0.847747 0.739375 0 -3.89566 -3.89566 1.26027 2.82645e-08 -0.591442 1.21329 7.07332 -0.633389
UTParams_5_300: 0.50002 0.556268 0.775488 0.492445 0.664929 0.361097 10.5163 -0.838467 0.49998 0 -0.591164 -0.591164 1.18729 8.88178e-12 -0.557513 1.17349 17.9574 -0.628603
