VUTParams_0_300: -3.44705 0 57.4276 4.84384 0.899557 0.906643 3.54102 0.0215961 2.72532 -0.579952 -1.92109 0 0 0 0 4.8463 1.56633 -0.000910444 26.2163 -3.25663 3.53234 0.905199 0 0 0 0 0 0 0 0
VUTParams_1_300: 3.45417 0 84.3475 4.84418 -0.732947 0.49129 2.22849 0.00983068 -2.72753 0.586671 1.93 0 0 0 0 4.84586 1.48954 0.363359 -9.96558 -3.00564 2.27018 -0.735346 0 0 0 0 0 0 0 0
