TFTParams_0_300: -19.0404 0.00711728 0 0.0383775 0 -0.0913975 0.680954 0.0138186 0.509656 0.0165241 0 0 0 0.0239513 -0.00641861 0 0 0
TFTParams_1_300: 19.0384 0.00717827 0 0.0394126 0 -0.0913972 0.680914 0.0138863 0.508894 0.0165262 0 0 0 -0.00595103 0.00383388 0 0 0
