UTParams_0_300: 0.500019 -0.55593 1.00265 0.494691 0.910553 -0.361053 -10.3667 0.870903 0.49998 0 -0.583159 -0.583159 1.1904 6.42886e-10 0.760487 1.1707 17.957 0.82077
UTParams_1_300: 0.53533 -8.92281 1.01854 0.533636 0.935917 -0.467635 -12.0631 1.01458 0.257704 0 -3.85008 -3.85008 1.26035 1.1732e-08 0.756771 1.21883 7.07349 0.799295
UTParams_2_300: 0.500011 -1.03799 0.987955 0.49545 0.907638 -0.593809 -14.7209 0.998996 0.499937 0 -1.01845 -1.01845 1.20706 2.7589e-12 0.761386 1.17659 20.9139 0.820118
UTParams_3_300: 0.500011 1.02928 0.785558 0.494105 0.67566 -0.593836 -14.6911 0.963926 0.499935 0 1.01845 1.01845 1.20707 1.77247e-11 -0.578981 1.17659 20.9131 -0.639674
UTParams_4_300: 0.464649 8.54521 0.826913 0.456801 0.733388 -0.46738 -12.2348 0.846369 0.739375 0 3.84874 3.84874 1.26027 2.82645e-08 -0.592838 1.21891 7.07332 -0.641876
UTParams_5_300: 0.500019 0.556268 0.779108 0.492775 0.670661 -0.361062 -10.3836 0.837078 0.49998 0 0.583172 0.583172 1.19042 8.88178e-12 -0.549208 1.1707 17.9574 -0.631237
