UTTFParams_0_300: 0.00395597 -6.87532e-05 -0.000158286 0.198252 -0.167042 0.457548 0.48507 -0.00146663 -0.112821 13.5393 -4.74918 -1.91034 2.91085 102.45 0.870335 2.47829 90.5294 0.850982
UTTFParams_1_300: 0 0 0 0 0 0 0 0 0 0 0 0 3.04194 99.02 -0.604434 2.556 89.4852 -0.573858
