VParams_0_300: 0.0115326 0.959751 1.21015 -2.06 -0.798249 0.22778 0.716022 0.808991 0 0 0 0 0 0 0 0 0 0 0 0 0
VParams_1_300: 0.0115403 0.960882 1.21 0 -0.678938 0.260905 0.595433 -0.707248 0 0 0 0 0 0 0 0 0 0 0 0 0
