VUTParams_0_300: -3.44705 0 57.4276 5.40958 0.91722 0.908761 4.17266 0.0215961 2.72652 -0.58131 -1.92036 0 0 0 0 5.34339 1.5665 -0.00247116 26.3968 -3.23968 4.14056 0.921367 0 0 0 0 0 0 0 0
VUTParams_1_300: 3.47462 0 84.3475 5.40887 -0.682511 0.513283 2.25538 0.00983068 -2.72894 0.588345 1.92971 0 0 0 0 5.34789 1.48816 0.371066 -10.7286 -3.07893 2.25956 -0.693227 0 0 0 0 0 0 0 0
