UTTFParams_0_300: 0.00819424 -6.87532e-05 -0.000158286 0.258623 -0.167042 0.457548 1.14145 -0.000525693 -0.0140869 32.9191 -1.05008 0.0123854 2.80095 98.0299 0.866286 2.37833 87.2253 0.839015 5.76206 15.2846 0.0865883
UTTFParams_1_300: 0 0 0 0 0 0 0 0 0 0 0 0 2.80095 98.0299 -0.589074 2.37833 87.2253 -0.57053 0 0 0
