UTParams_0_300: 0.612874 -0.55593 0.97914 0.586156 0.902387 -0.359035 -2.41369 0.800046 0.49998 0 -0.568577 -0.568577 1.18558 6.42886e-10 0.765477 1.16136 17.957 0.823031
UTParams_1_300: 0.54912 -8.92281 0.99079 0.544711 0.916084 -0.465788 -15.7302 0.996299 0.257704 0 -4.41291 -4.41291 1.2478 1.1732e-08 0.753119 1.20238 7.07349 0.78607
UTParams_2_300: 0.555573 -1.03799 0.986527 0.526634 0.910662 -0.594064 -5.50932 0.964186 0.499937 0 -1.27648 -1.27648 1.20751 2.7589e-12 0.775638 1.16904 20.9139 0.82003
UTParams_3_300: 0.44785 1.02928 0.763721 0.529767 0.670782 -0.594048 -5.44528 0.929787 0.499935 0 1.27654 1.27654 1.20749 1.77247e-11 -0.579098 1.169 20.9131 -0.629548
UTParams_4_300: 0.452052 8.54521 0.822471 0.477414 0.743871 -0.465792 -15.9151 0.831665 0.739375 0 4.41471 4.41471 1.24765 2.82645e-08 -0.609768 1.20245 7.07332 -0.648418
UTParams_5_300: 0.39214 0.556268 0.7662 0.391463 0.661819 -0.35903 -2.44343 0.769087 0.49998 0 0.568669 0.568669 1.18561 8.88178e-12 -0.569124 1.16137 17.9574 -0.632607
