TFTParams_0_300: -18.4788 0.0029954 0 0.00508833 0 -0.0879703 0.734973 0.00916163 0.509107 0.0153205 0 0 0 0.118355 -0.0304276 0 0 0
TFTParams_1_300: 18.4788 0.00299686 0 0.00508594 0 -0.0879703 0.73501 0.00916091 0.509431 0.0153164 0 0 0 -0.11869 0.0286631 0 0 0
