VParams_0_300: 0.0115326 0.597212 1.47392 -2.06 -0.8023 0.224686 0.694997 0.78453 0 0 0 0 0 0 0 0 0 0 0 0 0
VParams_1_300: 0.0115403 0.59769 1.47385 0 -0.682922 0.256508 0.626768 -0.726055 0 0 0 0 0 0 0 0 0 0 0 0 0
