VUTParams_0_300: 3.50119 0 57.4276 5.36348 0.918369 0.912547 4.14424 0.0215961 -2.72647 0.581548 1.91938 0 0 0 0 5.37628 1.56718 -0.0040598 26.4824 -3.26535 4.1588 0.921667 0 0 0 0 0 0 0 0
VUTParams_1_300: -3.44134 0 84.3475 5.36374 -0.685807 0.501337 2.23156 0.00983068 2.72588 -0.583918 -1.91899 0 0 0 0 5.37483 1.48934 0.367423 -10.5015 -3.0329 2.26278 -0.691472 0 0 0 0 0 0 0 0
