UTParams_0_300: 0.61165 -0.55593 0.980049 0.713572 0.898429 0.359807 14.0103 -0.939485 0.49998 0 0.46908 0.46908 1.19043 6.42886e-10 0.768255 1.15236 17.957 0.826268
UTParams_1_300: 0.549631 -8.92281 1.00104 0.567519 0.939714 0.466149 14.4222 -1.01159 0.257704 0 4.1474 4.1474 1.24251 1.1732e-08 0.758388 1.21832 7.07349 0.800953
UTParams_2_300: 0.556164 -1.03799 0.9965 0.550087 0.932743 0.588234 1.99948 -0.875079 0.499937 0 0.929727 0.929727 1.20932 2.7589e-12 0.772829 1.18421 20.9139 0.822894
UTParams_3_300: 0.446272 1.02928 0.769894 0.39208 0.674158 0.588233 1.99199 -0.844559 0.499935 0 -0.929735 -0.929735 1.20929 1.77247e-11 -0.570389 1.18421 20.9131 -0.618041
UTParams_4_300: 0.450945 8.54521 0.812026 0.463957 0.73046 0.466147 14.5955 -0.843812 0.739375 0 -4.14936 -4.14936 1.24249 2.82645e-08 -0.595228 1.21835 7.07332 -0.637609
UTParams_5_300: 0.39165 0.556268 0.764813 0.432227 0.65129 0.359807 14.045 -0.903571 0.49998 0 -0.468843 -0.468843 1.19043 8.88178e-12 -0.572007 1.15238 17.9574 -0.629525
