TFTParams_0_300: -18.4436 0.00288255 0 0.00480891 0 0.0880341 -0.791319 0.00949601 0.509491 0.0160779 0 0 0 0.0281211 -0.0754515 0 0 0
TFTParams_1_300: 18.444 0.00288508 0 0.00481383 0 0.0880343 -0.791516 0.00949167 0.509826 0.0160812 0 0 0 -0.0263384 0.0750107 0 0 0
