VParams_0_300: 0.0113908 0.547209 1.47853 -2.06 0.80289 0.224273 0.695173 0.78462 0 0 0 0 0 0 0 0 0 0 0 0 0
VParams_1_300: 0.0114555 0.54772 1.47845 0 0.683323 0.256242 0.626634 -0.725873 0 0 0 0 0 0 0 0 0 0 0 0 0
