UTTFParams_0_300: -0.00830214 -0.000151594 0.00013207 -0.254693 -0.256506 -0.533059 -1.17852 -0.000553652 0.0290538 -33.7044 -0.499561 0.516763 2.8396 99.9728 0.869145 2.42711 89.9025 0.847273 5.46497 15.395 0.0874142
UTTFParams_1_300: 0 0 0 0 0 0 0 0 0 0 0 0 2.8396 99.9728 -0.591018 2.42711 89.9025 -0.576145 0 0 0
